2730372 2730272
2730222 2730422
1365211 1365111
1365061 1365261
4095534 4095434
4095384 4095584
2047792 2047692
2047642 2047842
1023921 1023821
1023771 1023971
3071664 3071564
3071514 3071714
1535857 1535757
1535707 1535907
4607472 4607372
4607322 4607522
2303761 2303661
2303611 2303811
6911184 6911084
6911034 6911234
3455617 3455517
3455467 3455667
10366752 10366652
10366602 10366802
5183401 5183301
5183251 5183451
15550104 15550004
15549954 15550154
7775077 7774977
7774927 7775127
23325132 23325032
23324982 23325182
11662591 11662491
11662441 11662641
34987674 34987574
34987524 34987724
17493862 17493762
17493712 17493912
8746956 8746856
8746806 8747006
4373503 4373403
4373353 4373553
13120410 13120310
13120260 13120460
6560230 6560130
6560080 6560280
3280140 3280040
3279990 3280190
1640095 1639995
1639945 1640145
4920186 4920086
4920036 4920236
2460118 2460018
2459968 2460168
1230084 1229984
1229934 1230134
615067 614967
614917 615117
1845102 1845002
1844952 1845152
922576 922476
922426 922626
461313 461213
461163 461363
1383840 1383740
1383690 1383890
691945 691845
691795 691995
2075736 2075636
2075586 2075786
1037893 1037793
1037743 1037943
3113580 3113480
3113430 3113630
1556815 1556715
1556665 1556865
4670346 4670246
4670196 4670396
2335198 2335098
2335048 2335248
1167624 1167524
1167474 1167674
583837 583737
583687 583887
1751412 1751312
1751262 1751462
875731 875631
875581 875781
2627094 2626994
2626944 2627144
1313572 1313472
1313422 1313622
656811 656711
656661 656861
1970334 1970234
1970184 1970384
985192 985092
985042 985242
492621 492521
492471 492671
